
===== delta = 0.5 =====
Iter	trace(A^-1)	uniq
  1	 1.100000e+09	  1
 10	 2.000001e+08	 10
 20	 4.232774e+01	 20
 30	 2.615681e+01	 25
 40	 1.864918e+01	 28
 50	 1.476246e+01	 30
 60	 1.213477e+01	 33

Plan points (with repeats):
No	x1		x2
 1	-0.400	-1.000
 2	 0.900	-0.400
 3	 0.300	 0.900
 4	-0.800	 0.700
 5	 1.000	 0.500
 6	-0.900	-0.200
 7	 0.300	-1.000
 8	 0.100	 0.100
 9	-0.500	 1.000
10	-1.000	-1.000
11	-0.500	 0.500
12	 0.300	-0.500
13	 1.000	 1.000
14	 1.000	-1.000
15	-1.000	 1.000
16	-0.500	-0.500
17	 0.500	 0.500
18	-1.000	 0.500
19	 0.500	-0.500
20	-1.000	-0.500
21	-0.500	-0.500
22	-0.500	 0.500
23	 0.500	 0.100
24	 0.500	 1.000
25	 0.500	-1.000
26	 0.100	 0.500
27	-1.000	-1.000
28	 1.000	-0.500
29	-1.000	 1.000
30	 1.000	-1.000
31	-0.500	 1.000
32	-0.500	 0.000
33	-0.500	-1.000
34	 1.000	 1.000
35	 1.000	 0.500
36	 0.500	-0.500
37	 0.500	 0.500
38	-0.200	-0.500
39	-1.000	 0.500
40	-0.500	 0.500
41	 1.000	 0.000
42	-1.000	-0.500
43	-0.500	-0.500
44	 1.000	-1.000
45	 0.500	 0.500
46	 0.500	 1.000
47	-1.000	-1.000
48	-1.000	 1.000
49	 0.500	-0.500
50	-0.100	 1.000
51	 0.500	-1.000
52	 1.000	 1.000
53	-0.500	 0.100
54	-0.500	-1.000
55	 1.000	-0.500
56	-0.500	 0.500
57	 0.000	-0.500
58	-0.500	 1.000
59	 0.500	 0.000
60	-0.500	-0.500

Spectrum (unique points, multiplicities, weights):
No	x1		x2	r_i	p_i
 1	-0.500	-0.500	 4	0.0667
 2	-0.500	 0.500	 4	0.0667
 3	-1.000	-1.000	 3	0.0500
 4	-1.000	 1.000	 3	0.0500
 5	-0.500	 1.000	 3	0.0500
 6	 0.500	-0.500	 3	0.0500
 7	 0.500	 0.500	 3	0.0500
 8	 1.000	-1.000	 3	0.0500
 9	 1.000	 1.000	 3	0.0500
10	-1.000	-0.500	 2	0.0333
11	-1.000	 0.500	 2	0.0333
12	-0.500	-1.000	 2	0.0333
13	 0.500	-1.000	 2	0.0333
14	 0.500	 1.000	 2	0.0333
15	 1.000	-0.500	 2	0.0333
16	 1.000	 0.500	 2	0.0333
17	-0.900	-0.200	 1	0.0167
18	-0.800	 0.700	 1	0.0167
19	-0.500	 0.000	 1	0.0167
20	-0.500	 0.100	 1	0.0167
21	-0.400	-1.000	 1	0.0167
22	-0.200	-0.500	 1	0.0167
23	-0.100	 1.000	 1	0.0167
24	 0.000	-0.500	 1	0.0167
25	 0.100	 0.100	 1	0.0167
26	 0.100	 0.500	 1	0.0167
27	 0.300	-1.000	 1	0.0167
28	 0.300	-0.500	 1	0.0167
29	 0.300	 0.900	 1	0.0167
30	 0.500	 0.000	 1	0.0167
31	 0.500	 0.100	 1	0.0167
32	 0.900	-0.400	 1	0.0167
33	 1.000	 0.000	 1	0.0167

Info matrix M metrics:
trace(M^(-1)) ~= 7.280861e+02
det(M)        ~= 1.798728e-17
rank(M)       = 12
cond(M)       ~= 7.549400e+01

===== delta = 0.4 =====
Iter	trace(A^-1)	uniq
  1	 1.100000e+09	  1
 10	 2.000000e+08	 10
 20	 3.397120e+01	 20
 30	 1.945570e+01	 26
 40	 1.407817e+01	 27
 50	 1.088009e+01	 29
 60	 8.952141e+00	 31

Plan points (with repeats):
No	x1		x2
 1	 0.900	 0.800
 2	-0.800	-0.800
 3	 0.300	-0.800
 4	-0.800	 0.800
 5	 0.900	-0.300
 6	 0.100	 0.800
 7	-0.300	 0.000
 8	 1.000	-1.000
 9	-0.400	-1.000
10	 0.400	 0.400
11	-0.400	 1.000
12	-0.400	 0.400
13	 0.400	 1.000
14	-0.400	-0.400
15	-1.000	-0.400
16	 0.400	-0.400
17	-1.000	 0.400
18	 0.400	 0.200
19	-1.000	-1.000
20	 1.000	 0.400
21	-1.000	 1.000
22	 1.000	 1.000
23	 0.400	-1.000
24	-0.100	-0.400
25	-0.400	 0.400
26	 0.400	-0.400
27	 1.000	-0.400
28	-1.000	 0.000
29	-0.400	-0.400
30	 1.000	-1.000
31	 0.400	 0.400
32	 0.400	 1.000
33	-0.400	-1.000
34	-0.100	 0.400
35	-0.400	 1.000
36	-1.000	-1.000
37	-1.000	 1.000
38	 1.000	 1.000
39	 1.000	 0.400
40	 0.400	-0.400
41	-1.000	-0.400
42	 0.400	-1.000
43	-1.000	 0.400
44	-0.400	-0.400
45	-0.400	 0.400
46	 0.400	 0.100
47	 1.000	-1.000
48	 1.000	-0.400
49	 0.400	 0.400
50	-0.400	 0.000
51	-0.100	-1.000
52	 0.400	-0.400
53	 0.400	 1.000
54	-1.000	-1.000
55	-1.000	 1.000
56	-0.400	 1.000
57	 1.000	 1.000
58	-0.400	-0.400
59	-0.400	 0.400
60	 1.000	 0.100

Spectrum (unique points, multiplicities, weights):
No	x1		x2	r_i	p_i
 1	-0.400	-0.400	 4	0.0667
 2	-0.400	 0.400	 4	0.0667
 3	 0.400	-0.400	 4	0.0667
 4	-1.000	-1.000	 3	0.0500
 5	-1.000	 1.000	 3	0.0500
 6	-0.400	 1.000	 3	0.0500
 7	 0.400	 0.400	 3	0.0500
 8	 0.400	 1.000	 3	0.0500
 9	 1.000	-1.000	 3	0.0500
10	 1.000	 1.000	 3	0.0500
11	-1.000	-0.400	 2	0.0333
12	-1.000	 0.400	 2	0.0333
13	-0.400	-1.000	 2	0.0333
14	 0.400	-1.000	 2	0.0333
15	 1.000	-0.400	 2	0.0333
16	 1.000	 0.400	 2	0.0333
17	-1.000	 0.000	 1	0.0167
18	-0.800	-0.800	 1	0.0167
19	-0.800	 0.800	 1	0.0167
20	-0.400	 0.000	 1	0.0167
21	-0.300	 0.000	 1	0.0167
22	-0.100	-1.000	 1	0.0167
23	-0.100	-0.400	 1	0.0167
24	-0.100	 0.400	 1	0.0167
25	 0.100	 0.800	 1	0.0167
26	 0.300	-0.800	 1	0.0167
27	 0.400	 0.100	 1	0.0167
28	 0.400	 0.200	 1	0.0167
29	 0.900	-0.300	 1	0.0167
30	 0.900	 0.800	 1	0.0167
31	 1.000	 0.100	 1	0.0167

Info matrix M metrics:
trace(M^(-1)) ~= 5.371284e+02
det(M)        ~= 1.343514e-16
rank(M)       = 12
cond(M)       ~= 4.480819e+01

===== delta = 0.3 =====
Iter	trace(A^-1)	uniq
  1	 1.100000e+09	  1
 10	 2.000000e+08	 10
 20	 2.675341e+01	 20
 30	 1.468506e+01	 25
 40	 1.056537e+01	 26
 50	 8.145458e+00	 26
 60	 6.694977e+00	 27

Plan points (with repeats):
No	x1		x2
 1	 0.900	 0.800
 2	-0.800	-0.800
 3	 0.800	-0.800
 4	-0.800	 0.800
 5	-0.800	-0.100
 6	 0.200	 0.900
 7	 0.100	-1.000
 8	 0.300	 0.200
 9	-0.300	 0.300
10	 0.300	-0.300
11	-1.000	 0.300
12	-0.300	-0.600
13	 1.000	-0.300
14	-0.300	-0.300
15	-0.300	 1.000
16	 1.000	 0.300
17	-1.000	-0.300
18	 1.000	-1.000
19	-1.000	-1.000
20	-1.000	 1.000
21	 0.300	 0.300
22	 1.000	 1.000
23	-0.300	-1.000
24	-0.300	 0.300
25	 0.300	-0.300
26	 0.300	-1.000
27	 0.300	 1.000
28	-0.300	-0.300
29	 0.300	 0.300
30	-0.300	 1.000
31	-0.300	 0.300
32	 0.300	-0.300
33	-1.000	-1.000
34	 1.000	 0.000
35	-1.000	-0.300
36	-1.000	 0.300
37	 1.000	-1.000
38	-1.000	 1.000
39	 1.000	-0.300
40	 1.000	 1.000
41	 1.000	 0.300
42	-0.300	-0.300
43	-0.300	-1.000
44	 0.300	 0.300
45	-0.300	 0.300
46	 0.300	-0.300
47	 0.300	-1.000
48	 0.300	 1.000
49	-0.300	-0.300
50	-0.300	 1.000
51	 0.000	 0.300
52	-1.000	-1.000
53	 1.000	-1.000
54	-1.000	 1.000
55	-1.000	-0.300
56	-1.000	 0.300
57	 0.300	 0.300
58	 0.300	-0.300
59	 1.000	-0.300
60	 1.000	 0.300

Spectrum (unique points, multiplicities, weights):
No	x1		x2	r_i	p_i
 1	 0.300	-0.300	 5	0.0833
 2	-0.300	-0.300	 4	0.0667
 3	-0.300	 0.300	 4	0.0667
 4	 0.300	 0.300	 4	0.0667
 5	-1.000	-1.000	 3	0.0500
 6	-1.000	-0.300	 3	0.0500
 7	-1.000	 0.300	 3	0.0500
 8	-1.000	 1.000	 3	0.0500
 9	-0.300	 1.000	 3	0.0500
10	 1.000	-1.000	 3	0.0500
11	 1.000	-0.300	 3	0.0500
12	 1.000	 0.300	 3	0.0500
13	-0.300	-1.000	 2	0.0333
14	 0.300	-1.000	 2	0.0333
15	 0.300	 1.000	 2	0.0333
16	 1.000	 1.000	 2	0.0333
17	-0.800	-0.800	 1	0.0167
18	-0.800	-0.100	 1	0.0167
19	-0.800	 0.800	 1	0.0167
20	-0.300	-0.600	 1	0.0167
21	 0.000	 0.300	 1	0.0167
22	 0.100	-1.000	 1	0.0167
23	 0.200	 0.900	 1	0.0167
24	 0.300	 0.200	 1	0.0167
25	 0.800	-0.800	 1	0.0167
26	 0.900	 0.800	 1	0.0167
27	 1.000	 0.000	 1	0.0167

Info matrix M metrics:
trace(M^(-1)) ~= 4.016986e+02
det(M)        ~= 1.196307e-15
rank(M)       = 12
cond(M)       ~= 2.840765e+01

===== delta = 0.2 =====
Iter	trace(A^-1)	uniq
  1	 1.100000e+09	  1
 10	 2.000000e+08	 10
 20	 1.872740e+01	 20
 30	 1.088739e+01	 26
 40	 7.794270e+00	 26
 50	 6.061699e+00	 26
 60	 4.965888e+00	 26

Plan points (with repeats):
No	x1		x2
 1	 0.900	 0.800
 2	-0.800	-0.800
 3	 0.800	-0.800
 4	-0.800	 0.800
 5	 0.100	 1.000
 6	 1.000	-0.100
 7	-0.900	-0.200
 8	-0.200	 0.900
 9	-0.100	-0.200
10	-0.200	 0.200
11	 0.300	 0.200
12	 0.200	-0.200
13	 0.200	-1.000
14	-1.000	 0.200
15	-0.200	-1.000
16	-0.200	-0.200
17	 1.000	 0.200
18	 0.200	 0.200
19	-1.000	 1.000
20	 1.000	-1.000
21	-1.000	-1.000
22	 1.000	 1.000
23	 0.200	-0.200
24	-0.200	 0.200
25	 0.200	 1.000
26	 1.000	-0.200
27	-1.000	-0.200
28	-0.200	 1.000
29	-0.200	-0.200
30	 0.200	 0.200
31	-0.200	 0.200
32	 0.200	-0.200
33	-0.200	-1.000
34	 0.200	-1.000
35	-1.000	 0.200
36	 1.000	 0.200
37	-0.200	-0.200
38	-1.000	 1.000
39	 1.000	 1.000
40	 1.000	-1.000
41	-1.000	-1.000
42	 0.200	 0.200
43	 0.200	 1.000
44	 1.000	-0.200
45	-0.200	 0.200
46	 0.200	-0.200
47	-1.000	-0.200
48	-0.200	 1.000
49	-0.200	-0.200
50	-0.200	-1.000
51	 0.200	 0.200
52	 0.200	-1.000
53	-1.000	 0.200
54	-0.200	 0.200
55	 0.200	-0.200
56	 1.000	 0.200
57	-1.000	-1.000
58	-1.000	 1.000
59	 1.000	-1.000
60	 1.000	 1.000

Spectrum (unique points, multiplicities, weights):
No	x1		x2	r_i	p_i
 1	-0.200	 0.200	 5	0.0833
 2	 0.200	-0.200	 5	0.0833
 3	-0.200	-0.200	 4	0.0667
 4	 0.200	 0.200	 4	0.0667
 5	-1.000	-1.000	 3	0.0500
 6	-1.000	 0.200	 3	0.0500
 7	-1.000	 1.000	 3	0.0500
 8	-0.200	-1.000	 3	0.0500
 9	 0.200	-1.000	 3	0.0500
10	 1.000	-1.000	 3	0.0500
11	 1.000	 0.200	 3	0.0500
12	 1.000	 1.000	 3	0.0500
13	-1.000	-0.200	 2	0.0333
14	-0.200	 1.000	 2	0.0333
15	 0.200	 1.000	 2	0.0333
16	 1.000	-0.200	 2	0.0333
17	-0.900	-0.200	 1	0.0167
18	-0.800	-0.800	 1	0.0167
19	-0.800	 0.800	 1	0.0167
20	-0.200	 0.900	 1	0.0167
21	-0.100	-0.200	 1	0.0167
22	 0.100	 1.000	 1	0.0167
23	 0.300	 0.200	 1	0.0167
24	 0.800	-0.800	 1	0.0167
25	 0.900	 0.800	 1	0.0167
26	 1.000	-0.100	 1	0.0167

Info matrix M metrics:
trace(M^(-1)) ~= 2.979533e+02
det(M)        ~= 1.111967e-14
rank(M)       = 12
cond(M)       ~= 1.776885e+01

===== Summary by delta =====
delta	uniq	trace(M^-1)		det(M)		rank	cond(M)
0.5	33	 7.280861e+02	 1.798728e-17	12	 7.549400e+01
0.4	31	 5.371284e+02	 1.343514e-16	12	 4.480819e+01
0.3	27	 4.016986e+02	 1.196307e-15	12	 2.840765e+01
0.2	26	 2.979533e+02	 1.111967e-14	12	 1.776885e+01
